3807
 203
3677
2027
4702
3915
3796
 436
1443
2250
2564
 342
2334
4787
 730
3447
3085
3605
2464
 337
4741
1436
2954
3047
3714
4285
1792
 985
4143
 853
3553
4813
1384
3039
3716
1873
3521
4686
3534
3462
 131
 827
1739
4590
3596
4101
1135
3315
2895
 811
1952
4328
2454
4049
2281
2326
1638
4202
4249
2910
4575
 664
 539
3514
3808
2968
1886
4013
1659
1657
1563
 434
3558
4227
3060
 925
2704
4185
2767
2659
2955
2575
1876
4648
3668
1777
 889
1871
 247
3010
2444
4652
3272
3730
2786
1072
2851
3412
4104
1941
2672
 789
2404
1254
 572
1544
 665
4703
2495
 107
2332
1720
 671
 486
3809
3889
1904
3099
 320
2774
4242
4505
3597
 828
3151
1434
2827
2686
1293
4492
3783
4055
1054
 996
3425
4097
4456
 290
4018
3410
2030
2529
3361
3283
3840
3685
 767
1452
4609
2675
3393
3301
2329
 680
2268
1695
3625
3093
 832
3538
1786
3066
3038
 911
4347
2999
4170
3691
3439
3929
4140
1707
1101
1578
2097
2142
4613
4032
4235
2734
 444
 493
3475
4156
3722
3909
2740
1116
1986
1084
3453
2522
2959
2527
 770
2035
 503
3473
3302
1646
4553
1968
 133
4254
4154
1508
4335
2942
3551
2679
 669
2005
4877
 452
 461
3982
4191
2241
2193
4619
3054
1737
1539
 647
1751
3114
4815
4389
1286
2390
1147
2173
2681
3600
3449
3522
3947
4695
4167
1056
2377
 228
 230
3428
4204
 907
3562
1178
2019
3715
 188
2025
1043
4297
 610
1643
 173
3042
1621
4216
1911
1091
1651
1300
 919
3986
4589
4592
3267
 939
 525
 999
 624
 483
 706
4132
1022
 777
  52
2737
2986
  51
2668
3373
4722
2285
 779
4826
1453
4380
 708
3250
1033
4775
1781
4367
1021
3578
 211
4409
3029
1833
3422
4578
 790
4870
1370
 756
2020
4395
3444
1756
3934
4732
 702
1520
2439
1700
3371
2211
3527
2308
3318
4173
4164
3242
1441
  10
 327
4111
2940
2276
2255
2457
4561
1697
2170
4528
2184
2530
4311
4237
4936
1855
 395
 350
3005
2127
3737
4918
1541
3363
  40
1601
4407
3707
2156
 864
4320
3794
4862
3438
 866
   3
 335
 922
3587
2636
2760
1674
 384
1714
 732
3735
2364
3580
4503
4968
 519
4161
 594
1145
3027
1511
2761
4177
  32
1669
2647
 621
 117
4552
1036
 192
 692
2571
 376
4112
 456
1567
1193
1023
1514
 643
2595
1389
  93
3651
2596
3026
2078
 948
2872
2288
1459
4402
4224
2113
4671
 260
4086
 240
 472
1362
2610
1590
3612
4574
2747
3695
4012
4832
1649
4453
4243
4691
4576
3333
3324
 672
1338
3408
1527
3757
 963
2311
2244
1475
3780
 271
3285
3864
1811
2823
3973
4355
3157
3594
 845
2224
2597
4158
2277
 964
3083
3359
2428
 740
1179
1240
4440
1716
2743
2666
 860
4130
2556
2112
4010
 992
1818
 568
2559
2159
2487
3917
2362
2291
2634
4539
1561
1628
4554
4074
4199
3921
4465
3641
4659
1564
3387
4232
1550
 936
3890
4948
4369
2380
1799
3987
 938
1343
3491
 910
4488
 632
4393
3892
 701
2885
1658
1789
2892
1320
4749
4643
2976
1823
2745
3542
1642
1283
3400
3090
2920
2468
 304
2076
 843
3442
2323
4026
  59
4555
2648
1694
 750
4675
3166
2627
1699
4121
3103
3665
3984
4039
 168
3499
4799
2421
1766
2333
4151
 617
2572
4726
1373
4106
4891
2720
 837
1559
 364
2139
2830
3996
 658
1026
1255
2658
3679
3179
1423
1158
1327
1332
1184
1631
1455
3367
1877
2946
1752
1304
2065
2685
3731
2046
1960
2117
2242
4595
3130
4428
 544
  98
3556
2862
3420
1138
 416
3941
4519
2726
 106
3419
3347
3792
4683
4785
4263
1227
 932
3772
2071
1836
2534
 270
1721
 543
 888
 815
3423
 111
3509
 118
1128
4969
 967
4618
1098
1044
4480
1971
4888
1412
3490
1950
 208
 110
1346
 829
3138
2462
4663
4635
1246
3081
1516
2987
2498
2989
3930
2325
1831
4157
4654
4241
1523
2376
3228
1587
3254
3624
4506
 952
 762
2048
4878
4471
4833
4851
1294
2228
 459
3837
  28
 215
1547
1216
3954
1038
2587
2860
3727
4259
3572
4694
1998
 482
3726
2868
4300
4314
4006
1672
 183
4605
 518
1906
1923
1261
3342
4670
1558
4580
2187
3414
2348
 899
 142
1364
1486
1451
1030
4403
2683
4508
 977
4852
 187
2045
4610
1219
4253
2214
4581
2701
4985
1114
4432
1570
3403
 356
 369
3122
1365
1922
3557
 529
 182
3721
1162
1945
 785
 787
 561
4110
1502
2000
3614
3134
3464
 884
3343
 721
1698
1664
3904
2494
2133
4373
2271
3931
 744
3761
3016
 616
4867
3811
3365
 435
4606
  78
 743
3348
1830
 259
2893
4518
1764
1745
2212
1214
2974
3481
1107
  57
3291
1946
1330
2426
2604
1655
3383
3939
3623
4711
2322
2006
1949
3907
4974
4517
 983
2264
4557
1426
4364
2363
3564
4280
2888
2104
2573
2616
4461
4292
2835
 978
2804
3723
3918
4560
 833
 313
3176
 683
4077
1741
3241
1534
2555
4123
 101
1985
 784
1354
2748
4019
3278
4931
1470
2162
4805
4926
1845
2608
3482
3346
1712
4687
2458
 786
2846
1099
 918
 709
2103
1948
3881
 761
4809
2700
 478
2501
1154
 842
1867
3018
2058
4498
1693
 292
 281
3744
4820
3468
2653
4710
2741
4330
2664
3126
 729
3436
  60
2777
1557
3985
 603
1385
2305
3463
  23
1149
2237
1729
3078
4284
 217
4933
1058
4542
 839
 650
1278
4952
4466
 926
2189
3469
1377
4329
1462
2698
2565
2691
2080
 353
3581
 475
1005
1995
2009
 348
 654
 868
 741
4109
 975
1595
1732
1824
 234
4718
1735
3298
2450
4975
4279
 580
3492
2243
3195
3115
4452
1881
1152
 453
 959
1008
3223
 955
2388
2630
4544
4334
2764
3970
3119
 537
1682
4087
1596
4073
 574
3309
2770
1755
4309
 788
1615
3273
1901
1446
1980
2225
2793
2719
2688
4298
1053
4114
2602
4808
 308
1708
1068
4513
1322
 666
4925
3634
4248
2191
 394
2373
3684
1276
  81
4116
2848
3217
3863
1267
2172
 956
4128
 558
2169
3413
 974
2418
 946
2108
 686
4217
1303
 135
 943
 728
1494
4797
 289
4884
3535
1402
2093
 200
2378
1117
3072
4149
1850
 584
2315
 242
3124
   8
 344
2042
2500
3440
4893
4761
 256
 508
 401
3800
4159
   4
2182
 717
4450
 500
1954
2908
4856
2147
1882
3843
1500
4536
2631
4290
 660
1456
1020
2135
3404
3460
1236
3204
4439
 735
2916
4632
1654
2657
1611
4946
2195
 625
2985
2853
3015
4984
1431
1253
3280
2060
4445
1610
2506
1314
4316
3064
 139
2713
2926
4401
4725
4118
1337
4008
4133
2736
3961
2930
4061
3349
4058
1057
 776
1733
 339
3227
2079
 892
 379
4547
3136
3144
3407
2287
4794
3879
 739
 973
3007
4048
1585
3177
1405
4113
4188
1813
 267
3908
1553
1295
2863
1450
3835
1398
2525
  84
1312
1424
1233
1120
4988
3602
4579
1448
4543
1156
2882
4037
3978
2667
 982
 528
3091
1073
1884
 164
2644
1837
3295
 309
3937
2519
3379
 458
2514
 753
4422
1671
3687
 138
4951
3505
 197
4489
4868
4421
1883
3472
4267
1670
1025
3111
4535
3559
4056
3089
4738
3897
3257
 802
  88
4848
4523
3579
2259
4882
1111
3913
1428
3905
2411
4845
1728
2002
4394
2549
2220
4651
1626
2983
 244
1722
 968
2144
2742
2175
  19
3539
 657
1680
1879
2258
  85
2909
2790
2266
2185
1464
3755
2732
1874
4027
3706
3902
 285
 991
1875
2871
1133
4388
3606
 438
1618
4707
1604
4567
4645
1620
  66
3020
4052
2593
1933
3817
3356
1706
2463
3135
4902
1440
 592
3237
 329
2939
 979
1660
3214
4054
2656
3952
3288
4472
3627
4387
2670
1127
4658
3968
4756
2024
1522
3270
4430
3979
3323
2633
1872
 821
4955
 835
2128
 479
 582
 265
1887
4072
 627
3501
1640
1218
1740
 970
4327
3615
2919
1134
2611
3868
2833
1392
3993
1471
3719
2884
2697
4995
2678
3205
4959
1915
3045
2345
 897
 360
3674
2109
 538
3183
3507
1411
 236
2785
 137
1242
2894
3494
4934
2947
1228
 263
3258
1496
 248
4829
3741
3692
4218
1515
1947
2996
1639
3193
4699
1939
3152
3971
3415
  46
2483
2945
1609
 303
 317
3445
1196
2568
3698
3972
4476
 202
2414
2600
2467
3536
4611
3729
1250
1075
4003
2912
4429
4266
4376
4837
4680
4205
1580
1929
3142
4795
2313
1013
3545
2270
1768
2368
1725
  13
 351
1187
2061
3307
4597
3886
 629
2544
 637
1782
 719
1588
3497
1350
2503
4442
3128
2121
1105
2100
1805
 431
 819
4824
4865
4485
4817
4203
1427
 759
3832
3389
3053
2335
4228
 513
4504
3335
3300
1637
4584
1819
2532
1826
4972
3655
3711
2646
4163
3055
4004
3405
3294
1650
4529
1319
1497
2415
1627
2430
 496
2223
4194
4939
3770
2341
3697
2650
4534
3960
4783
2545
2779
3951
2891
3008
2933
1468
 316
 457
2856
 322
4673
3094
   2
 542
2878
2594
2858
4424
3036
 988
2550
 319
4301
4457
4183
4684
1548
3826
3327
 323
 156
1840
1430
4598
2789
3690
1119
3526
1771
4362
2203
4482
3357
 357
4434
4196
3932
2897
  16
 781
3782
1731
4916
1132
3693
4419
3401
3306
4222
  58
  92
2609
4582
 159
2088
1089
2275
2204
2890
4835
 879
2917
1409
1825
4679
 971
2932
 473
 412
2289
4213
3529
4706
2033
4017
1012
3353
3867
4834
4129
2262
1442
 774
4423
4720
2844
 253
1371
3200
4912
3639
2137
1635
 162
2145
1726
 546
 222
4031
3233
4623
1176
2694
 516
2407
4150
2724
1185
3477
3329
3620
 189
1951
3516
   6
1691
3802
2230
4065
 556
3006
  21
2347
 235
1331
4040
3116
2750
1199
3168
4261
 876
3842
 691
2141
2469
1092
3785
3667
4883
 548
2997
 745
 685
2122
1853
4522
1378
1962
1463
 674
2876
2794
1206
2569
4303
1136
3366
  37
2975
2321
 682
2068
4586
1736
2752
 179
3537
1889
1535
 881
1277
 471
1634
4616
4350
1357
4043
 577
2012
3859
 193
2452
4927
1775
2928
1454
 754
1318
2417
3746
4271
 238
  53
3043
 283
2803
  64
1809
4624
1328
4773
2480
1675
3169
2385
4231
2599
 570
2299
1229
2355
3946
1403
 148
4730
2442
4989
3964
2476
4345
2010
1955
4941
4034
 296
4620
3943
 171
3033
3990
2221
2146
1938
3478
 949
  56
3896
 890
3189
4964
1140
1861
3813
 984
2028
4937
1279
4244
4669
2539
3603
2649
4075
3689
1356
 251
3284
4821
 163
2475
1599
3880
1893
1507
1259
3106
2583
1340
3513
2247
 826
 521
2047
2155
4734
3299
2965
4530
2921
4587
3586
3185
1606
1243
2432
1348
 407
3117
 576
3776
1992
 196
2435
3720
2453
 330
1209
 190
4844
 712
2674
2301
4201
2859
3957
4793
4588
 749
1829
1207
 219
 820
 961
 514
 393
2515
1391
1762
 365
4180
4565
3653
3657
4800
 512
1529
 362
 915
4853
1490
3765
4270
3493
 942
1869
3402
1284
2746
3750
1589
1238
4729
 252
 563
2706
1081
4023
3474
1367
3827
 587
3332
 129
3662
3381
3702
4463
1959
 579
1888
3672
 652
2218
2819
4131
 810
 532
3999
3997
2092
4533
3345
2533
2702
3858
2389
3717
 298
4830
4962
2651
3305
4901
2765
 688
1597
2015
2509
2217
 648
2459
1519
2425
1002
1784
 124
2585
3734
3974
4646
4359
4712
3593
1157
5000
  18
 328
3820
2353
4089
4954
1394
4920
2369
 882
4223
1935
3069
4919
1473
1003
 636
3486
2537
 904
2148
1690
3023
2176
4475
 863
 504
1746
3598
2801
2818
4507
3465
2705
1517
4448
3609
 565
2486
 345
4406
3652
3916
1593
2629
2050
4078
1617
2826
3898
3411
3024
1017
 371
1847
1761
2560
1244
4120
2265
2970
 284
  49
3219
1673
 854
2466
 662
1083
1257
3935
1040
2406
4665
4053
1868
3397
2561
4880
2570
3871
2731
3860
2157
4961
4755
1537
1062
 769
4900
2508
3767
2925
4272
 176
2238
2773
4046
3640
1106
2673
 147
 733
1417
 269
1237
3866
1645
   9
4090
 526
3643
  38
1282
1633
 419
  20
2738
2394
3358
3129
3563
4252
2730
2054
3525
  77
4184
1376
4724
3004
2312
1919
1323
4467
2183
3229
1419
3949
3452
3555
1822
4688
1857
2438
2778
4215
3745
3613
2824
2809
3139
4178
1090
3149
4377
1573
 914
2689
 755
3884
3388
1982
1361
 586
4689
2072
 410
3344
3320
3247
1153
4970
4283
3686
3105
3815
1144
1069
2728
4661
2077
3708
 901
 167
1481
1897
 604
4577
1803
3742
1213
1483
1047
 696
2971
1410
3676
4145
2822
 583
3259
3969
 108
3213
3966
  22
3143
1141
 663
 869
2754
1696
 557
3334
2854
3895
3457
 403
 280
4494
4332
2981
4910
4782
3173
 257
  99
 908
4022
1770
3797
1217
 420
1779
4282
1433
4963
 764
 633
1967
2233
2563
4859
3778
1359
2845
1851
1734
4264
 596
2261
3762
3226
1780
2899
1581
2707
2709
4122
4655
1401
1000
2652
 569
 343
4162
4627
1325
3455
3132
3019
1208
4060
2855
2197
3541
 987
 116
3894
3920
 805
1796
1122
3887
2461
1925
1170
 608
 536
4057
3925
3243
2298
3037
4996
4348
4483
1710
2085
2607
3638
3395
4664
1200
 445
3724
4980
2477
2336
3836
2744
1843
 523
4274
2624
1407
3040
1065
1472
 626
2340
2198
 402
4957
2978
1753
2661
3000
 796
1071
4802
4571
2589
2758
3713
3429
4381
4735
 287
 679
4247
2963
4137
2366
4676
4778
 559
 346
 177
1865
1230
1614
2850
4692
2864
 935
3266
4182
 314
2398
2493
4930
 359
2138
4484
 149
 855
3673
 618
1571
 429
4958
2576
2511
 944
 976
1420
 502
4211
4234
4994
4197
1191
1447
3998
 127
2296
2416
 763
3211
4066
 468
4363
 318
2451
2053
1315
4351
1936
2632
1349
2049
3847
3198
4647
 931
3753
4262
3314
4098
1355
 813
3855
4940
2399
1928
 499
1810
1854
4383
4945
2676
  83
2396
3167
3621
3368
 640
4386
 758
2802
 930
 817
3588
1220
3022
4754
3121
2022
1160
2883
3608
2073
1636
4325
 123
4230
 332
 900
2655
2346
1661
2286
 623
3249
3948
 462
  97
3051
3705
3230
4866
 524
 667
4195
 321
2304
1566
4336
1404
 255
1530
1942
2094
2441
3238
1469
4051
2966
4767
1321
4324
3336
4922
3350
1077
 534
3574
3430
1802
 439
4341
1924
4879
2502
1586
2381
4357
2907
1034
1899
1317
3540
4091
4843
4714
2896
 699
2356
 261
1536
2993
4344
3575
4071
3738
3654
2101
3839
1703
1439
 990
1387
 653
3636
2090
1666
 806
2160
2906
2178
 859
4152
2911
2174
1820
4172
2124
2446
3967
4906
3248
1421
4135
1623
1914
1619
4816
3244
2716
3325
3384
4956
3065
4630
 645
4277
4103
3220
4144
4631
2320
1308
1648
3375
4697
2359
4876
3995
 440
2410
1806
2118
 957
 641
 115
  95
2839
 545
 520
2756
3991
1163
3153
4784
4864
3779
 464
2219
4306
2766
 300
4678
4190
4636
1513
1457
 871
4171
 286
 748
 224
2070
4179
 635
2684
1438
4667
3352
4238
1787
2370
4276
3764
1335
2541
 195
2489
2772
4308
3354
2448
3046
3009
 895
3743
1186
3799
 644
1678
2167
4502
4512
2038
4286
2998
3956
3360
2962
4541
2029
 612
2567
 446
 840
 934
1095
4640
4511
1146
1051
4059
2474
2284
3471
3080
 613
 898
 639
1109
4209
 262
1235
 862
4932
 965
 400
4545
 885
3231
4887
1920
3340
 398
2753
 199
2349
4943
3374
3814
2391
4886
1390
4839
 858
1591
3584
3547
4005
2136
 891
 607
 264
3364
1653
2412
1015
1416
1773
2222
 723
 609
3049
2988
2066
3610
3566
4001
 765
1341
4107
2456
 676
3385
4405
3102
 783
1565
2628
2841
3791
3911
 406
1896
 747
3396
3500
4449
3079
1663
2693
1528
4477
1898
1019
 886
3854
3092
1198
 527
2129
4455
4757
2036
 993
4704
4771
1333
 997
1100
1743
3071
1668
2402
1993
3199
2780
4404
4550
2927
2721
 861
2898
2099
1007
 250
4944
2235
1892
1268
4047
2964
4668
1345
2944
4626
4894
1479
4628
3034
3977
2669
2422
4117
1918
4426
1525
 254
2106
1900
 751
2254
1155
4186
3669
4526
 661
4342
 656
 951
3599
 185
4468
 433
 392
4168
4431
3418
2757
 349
4042
 850
4763
1503
 916
1166
3882
3101
1538
3260
1856
4973
1647
2314
4398
4558
3164
 165
4615
1808
3070
2687
2492
1711
 960
3650
1692
3261
4313
1326
 547
1422
 798
4779
2521
2680
3328
1226
2479
 495
 239
1181
1180
1686
1465
3637
4295
2783
1572
3269
 432
4418
 797
 857
 611
 352
  12
3804
4564
3028
2152
3380
4991
3050
 567
 146
 590
2727
2338
1524
 216
2788
4288
1063
1290
2718
 591
2166
2696
3733
2302
3406
4617
3279
1730
3088
2405
 154
1366
4814
1776
3025
3704
2877
4895
1600
1953
1372
3616
2327
2523
4965
2723
4436
2598
2429
1975
2273
4148
4076
2547
 816
 707
4899
1934
2695
2961
4041
3391
2956
 241
4372
 905
1841
2922
4509
1667
3846
4443
4781
3459
1689
 331
4822
1131
3710
4400
  62
1759
  73
 902
2499
 600
2960
1910
2248
3670
1280
 225
2617
4739
2440
1630
3118
3758
1598
 480
2618
2852
1461
2294
  43
3504
3310
3061
4155
1990
2626
1961
2866
1927
3645
4696
 642
2551
3611
1369
3512
2729
2717
1978
1815
 288
3841
4323
1352
1344
1118
 125
3749
 450
 109
3112
 757
4447
1912
4740
2505
3590
2622
2800
4068
 213
 695
1757
1085
4524
 134
4745
3582
 144
1632
2643
 449
2055
2023
4181
3994
4898
2901
4896
2588
 299
 507
1339
 711
1607
 295
4016
4872
1723
2040
3630
4546
4721
  89
1113
2098
4093
1202
2792
4318
3268
  65
4146
3781
 791
4081
1249
2201
2140
4207
3818
 136
3856
1474
3184
2324
4766
2806
4169
3011
2874
3658
  45
2496
 933
1814
2875
 875
3924
2393
 132
3202
 246
1477
2623
2814
3543
4256
2799
2992
2317
2158
1509
 506
4681
4138
1256
2712
3989
 372
4208
 100
3013
 441
2943
3339
1281
2798
1045
4819
1225
2386
   7
  75
4062
4302
3671
4762
3286
 227
  86
3756
 231
1790
2089
2057
3186
1499
2043
2125
3319
3883
2982
3926
3372
 354
4990
4614
4911
2662
 437
4736
2543
1917
1031
4462
2953
 266
2751
4287
 773
1683
1444
1014
 581
 306
1767
3732
4986
4525
2132
 152
1211
4009
3851
1828
4478
1291
2465
2620
4923
4804
1264
3215
3433
2574
1583
1129
 760
4354
2725
  36
4569
1964
4928
2552
 553
3297
3426
1449
1042
1130
2011
1542
4634
3058
  17
2257
1399
3316
1774
 366
4977
3656
3771
2546
3528
2039
3172
1594
3549
1201
3940
 571
3470
4950
 690
3133
 340
2510
 375
3206
3175
4719
 697
 414
3012
2847
1269
3927
3795
1864
 698
2423
2837
 367
4412
1358
4487
1724
3569
 880
2638
 180
3369
2086
4998
4474
1554
3296
1260
3441
4685
1137
4459
1406
3351
2642
 668
2941
3571
2923
 966
 229
3567
3661
4002
 370
4604
3293
 415
1334
1506
1386
2186
3146
4029
2972
2471
3604
 848
1727
3565
 734
1088
4337
 404
3788
1677
3277
 201
1702
1921
2861
3546
1414
4371
3062
4698
2232
2067
2612
1834
4601
3276
 896
 924
2190
3981
3162
1305
4742
 687
2536
2408
4142
 491
 311
2581
4914
3976
4693
1944
 530
1093
3212
4333
 780
2553
2354
4716
3435
2240
 157
4602
2328
 399
3113
 566
4723
3649
2207
4953
  91
4007
 714
4153
2272
3190
1817
 681
4621
1055
4854
4095
 718
3100
1309
2605
3644
1388
2491
1760
2542
 232
3675
2733
2303
3992
1060
3568
 476
1266
 550
3001
3454
3622
3775
2120
1415
3819
1262
3031
 466
2958
1624
2951
2200
1169
2994
1004
1972
2074
 541
4353
2715
2979
3660
4966
 575
1150
 460
2829
2087
2017
 872
 347
1306
2603
4608
3032
4653
 307
3965
1188
2379
4045
3209
1679
4875
3589
2436
2392
3304
 474
2131
3201
2165
 509
3110
 237
3178
2784
4758
1526
 752
1274
3155
4967
4379
1368
1749
2114
 451
1556
4521
 282
3191
3876
3084
2660
3181
1485
3398
4639
 803
2337
  29
 794
2938
2915
 716
3225
4548
1247
4861
 113
 804
1862
4917
3376
4674
3583
4657
2300
3052
1531
 713
2216
4251
2995
4069
4915
4038
1491
4641
2210
3239
3308
3086
 207
1579
  33
 497
3635
3476
1074
4236
1204
 852
1717
3274
 223
  11
2253
1592
4099
2984
3885
3903
4382
 867
2813
3394
3834
3148
4030
1552
4206
4752
3524
4273
2615
4818
3632
1997
 423
 191
3810
4890
2310
2990
 122
4594
3109
4134
2309
 980
  39
3098
 715
3131
1785
4435
3518
1501
2699
2026
3073
2980
1656
1027
2375
3489
 511
3576
4596
4921
3953
1991
4746
4108
1224
2280
2769
1956
3751
1849
4119
2703
2181
3988
 684
 675
2936
2367
2969
 169
3502
1885
1797
3251
  34
 174
2488
3427
3159
4603
 333
2967
3748
1285
3844
3739
1476
  68
1363
3798
1943
3236
4239
4827
3096
1870
1296
2282
3585
 972
3626
3048
2116
3222
1546
3533
1913
1076
4527
3377
1866
 703
4410
 822
  14
3700
4493
1393
2490
4690
 710
2621
2401
2081
3253
1605
 184
1048
 481
4997
3701
2828
 727
1641
2614
2091
3548
 873
1498
1504
4250
4399
3097
1395
1070
4789
3806
3063
3872
 293
 947
1931
4709
2977
4240
2126
3696
 808
   5
3386
 447
1094
 145
4812
1763
 634
3021
4269
 245
2256
4929
 619
3163
3017
 909
 258
3370
 814
2473
2580
1037
 310
 670
3456
 391
4495
2351
3196
3145
3174
3147
4340
 114
1800
2903
4612
2052
 405
4515
1758
2069
3736
1059
 386
3432
3180
 646
2640
1289
1035
1963
2579
 554
3530
3666
2433
4811
 962
  41
1316
2403
4570
3617
3520
1791
2319
 291
2330
4823
1292
2213
  25
3812
1576
4705
4976
4660
2420
4982
1241
3495
 834
2931
4451
1794
4050
2021
1754
4981
3448
  61
1108
2188
1383
4265
2504
1064
4441
3003
2518
1197
 275
3263
3322
2111
4947
1379
3416
4559
 418
2950
2249
3503
2690
3642
 986
3271
2227
2344
3107
1568
1976
4384
2887
2384
3479
2935
 917
4085
1562
4210
2003
4385
3076
3446
4770
2051
3573
1096
3515
4115
4100
 119
2834
4682
3899
3216
1996
 325
 847
4904
3137
3532
 655
 555
4352
3154
1124
4874
2507
4481
4540
4070
 421
4425
3182
1103
4531
1265
 818
2682
3607
 186
 373
4701
 742
4444
1613
 549
 599
4791
4212
 841
 141
4909
 198
4079
 120
1863
2807
4375
4881
 428
2154
4411
1418
2843
 551
4125
  94
4200
4011
3678
4033
1984
1816
1115
2034
3838
 705
4063
1652
 411
 243
 540
1750
2231
2601
1050
3434
2805
4083
3833
  35
3919
3554
4415
2548
2929
4174
3759
 950
1177
 103
2397
2957
4064
1102
1182
 937
1435
3789
1222
4798
4501
3292
1351
3221
2528
4366
2371
1396
2449
 807
3874
3928
2711
3906
3933
1052
3437
1347
4760
4021
 638
3488
1011
4433
1687
2513
1798
3560
 387
2095
1079
1688
3945
 380
1080
2059
3595
4855
3252
4437
3845
 158
 422
4810
1909
1148
1940
4842
3805
1374
3077
4080
4496
1807
4828
2168
4024
2084
1878
2934
 390
2582
4807
4315
1489
4360
1575
1846
4999
2339
4413
4790
 893
1905
 809
 305
3087
 454
  96
3740
3123
2886
 442
 492
4792
4677
 315
 377
4225
1189
3150
1272
4460
1616
4949
1087
3517
2161
 233
3760
2153
1932
2677
3466
1382
 151
2739
1719
3950
 408
4591
1301
1662
 484
2387
2206
4257
4744
1078
 673
1644
1793
4469
3659
 838
3067
 175
4390
3235
3265
 515
1821
2665
2735
2199
3523
4871
3240
3519
2001
2119
 268
1467
 112
1852
4700
3161
 417
2177
1139
3922
1492
4715
3331
4776
2342
2245
1842
1493
 470
4713
1432
4850
2771
4275
 326
1902
 700
1245
2143
 455
2635
4092
2749
2524
4470
 795
1336
1041
2365
1167
1676
 771
4281
2821
1974
4361
2004
2290
 522
2105
2252
4427
1123
1907
1445
4339
2018
 605
3330
3828
2063
3601
 588
3311
 388
 430
4585
 865
1032
3170
 385
4219
2437
2639
2295
4343
1039
 126
 630
4774
2867
3728
4728
4165
4028
4349
4293
4268
3057
3577
4229
1795
3822
4358
2361
  71
4857
1190
1973
2517
1353
2516
3210
3255
2842
2708
2318
3125
2836
4291
 166
1125
1143
4136
3570
2484
 221
  27
1989
4141
 877
4356
 689
3484
 903
1329
2041
 278
3224
4397
3194
1848
4538
3506
4198
1484
 358
4304
2307
 272
1835
3355
1487
4486
3959
1121
1164
4015
3044
 498
4147
 998
3275
4979
3774
3187
4637
3831
  48
 726
2645
1298
1521
1958
4772
1788
 649
1210
2234
2075
2865
  54
4220
 205
4226
3390
2613
1812
4102
 494
4759
  55
2591
4727
1251
3483
 738
 870
1603
4255
 396
4903
1510
2062
4765
 465
3341
4278
4321
2905
1512
1413
1110
 102
1215
4780
3289
1061
2115
3303
4192
3246
2880
2787
4299
1895
  70
3496
3777
1212
2762
2208
4326
4067
1408
  74
1684
1569
4897
3317
1049
2637
 397
4924
2064
3936
3262
1173
 731
3873
3688
 161
3849
2400
3059
1505
4987
2722
2531
1681
1258
 424
1801
3766
2485
3326
1287
2278
3821
4622
3321
 302
4573
1205
 130
 204
 413
 374
2205
3829
 800
1718
3156
4416
 995
1987
  80
4490
1577
3877
4338
2857
 615
2424
1778
2776
4629
4796
 155
4562
 448
 578
4743
 517
2710
3197
4454
 501
2229
 694
2283
 336
 725
2795
4370
2584
 593
2246
4044
2032
4747
4568
3467
2948
2293
3487
4662
1582
2447
4166
4786
 831
 887
2164
2775
4992
2409
3450
1112
2134
  24
 214
2192
4305
 953
2606
3458
 585
 218
2566
 940
1248
1082
4520
4860
1183
 297
3923
4516
1006
1234
4000
4649
4374
3865
4260
 597
 836
 560
 883
1297
4873
2671
 722
2812
4869
  30
 778
4458
2472
 324
2714
4035
2663
3752
2260
4764
3683
 631
2044
1930
1126
3938
2825
 659
4971
2881
4510
1310
4849
3095
3561
4838
 981
3709
4942
4408
3787
 172
 490
3510
 334
1560
3424
4176
1302
 928
 294
1159
1066
 383
3754
2179
 602
2763
 720
 824
 927
4863
1981
3769
  31
3382
2973
 823
2056
2831
1765
3035
1769
2008
 941
1701
 994
1288
1747
  69
1957
1804
3461
2578
  76
1844
 279
2014
3824
2267
3793
4082
 737
1827
1545
3207
3629
 341
 273
4189
3104
1965
 143
4214
 505
4096
4396
 153
2768
2306
4836
 382
1549
4599
3312
 312
1342
1001
3848
1171
 958
3290
 389
2357
1400
3942
2840
3980
1977
3900
3944
2372
3160
3680
1903
2239
1859
 782
4245
 485
 489
4566
4499
3747
4831
 923
4708
3862
3171
3245
2870
3850
1086
4892
4378
3480
2557
 210
 825
3056
 921
2654
 510
2902
 772
1629
4978
4233
4889
1574
4846
2592
1151
4464
 128
3962
  90
4983
2007
2107
 573
3421
3592
2512
1979
1742
1360
1192
2297
3912
1488
2820
3703
1239
1705
 276
2808
2520
 874
 212
3682
1969
4446
 277
2586
1311
2455
4322
4549
3786
 622
 488
1772
1425
 589
4583
  67
4907
2196
4731
1685
4769
1221
3362
1908
3068
2796
2562
1458
1375
2811
4650
 651
1622
2838
1466
 894
4317
 812
3852
4221
4607
4392
3628
1937
3399
 724
1203
  87
1232
 678
1010
1748
3647
2470
2879
3443
 105
2817
2083
4420
2215
2782
2913
1858
2013
3431
3511
 614
4479
2619
4644
2352
4289
2625
2082
3955
 693
1839
4768
2577
 736
1584
1480
4638
2641
1174
2924
3165
2434
1983
1994
1397
1482
3888
2478
2791
 363
2031
1715
 338
3878
1028
 355
1270
2413
3451
2279
3853
4391
1891
3264
1381
3664
 628
1612
1970
 856
4751
2383
 381
2431
4126
1551
 361
 793
2590
 178
 766
2558
1018
4801
4551
 140
1161
 598
1602
1713
 425
 564
4246
2274
  47
4258
1608
1299
3030
4491
 989
1104
1738
3203
1437
2171
4633
 775
4127
3857
 799
2535
 913
3763
  44
 606
 226
1172
 552
2016
1429
1460
 220
4175
2873
1380
4187
3409
 601
 487
4908
3120
1165
1625
2849
3041
3633
4777
2832
3256
1783
  15
2949
1194
2180
3281
1046
4532
1988
1916
3234
3823
 920
3725
4938
 194
2316
4319
 150
1016
4840
 954
3550
3287
4841
3282
2759
 945
1313
3712
3140
  42
4935
4666
4885
  26
1252
4036
3531
3718
4748
1890
4105
1263
 249
2952
4473
3208
1838
4294
2869
3801
3790
1926
 121
1195
4905
2163
 535
3699
2343
3498
4310
2427
1478
1555
 801
 912
 851
4084
4642
2460
 792
2781
4717
2497
1009
 746
2482
 620
4160
 206
3337
 677
 595
2382
3075
 427
1860
4331
4014
 846
4346
3963
 170
3014
4847
2918
1966
  50
3983
3218
3914
3825
4556
  82
3544
3378
 562
4825
3192
2350
 844
1518
2538
  79
 467
4806
2755
1024
1324
2797
3910
3646
1532
3188
2815
3694
 426
3127
3869
4368
2991
2540
3392
1142
2226
 533
1307
1168
 906
2269
2194
1709
2037
2900
2202
3619
4417
3338
3663
2251
4803
2554
3508
2481
  63
3108
3816
   1
1540
3891
3648
4438
2360
4307
4737
2816
4788
3681
4020
 969
4500
4750
2149
1704
3975
1271
3002
4600
2151
2914
2236
3830
2526
 209
  72
2358
1894
 531
4537
2209
3618
4733
3870
 929
 878
1231
2110
3901
3958
 274
3773
2096
1495
4094
3417
4414
2889
2937
4672
1067
2123
4656
 104
2904
3768
3074
1880
4625
 704
 181
3803
3591
4913
3485
2130
2692
 469
1273
3141
 409
1999
2374
4312
 443
1029
4296
2150
 368
1275
3631
1223
4572
 830
2443
2102
2263
 463
4139
3784
 160
3313
1744
2292
2419
3875
 477
2395
2331
4514
1832
2810
4593
4088
4025
3158
1175
3232
1543
3082
4365
2445
1665
 378
4960
4858
3552
1533
4193
4124
3861
 768
4563
4753
1097
4993
 849
 301
3893
4497
